m=1000;
b=50;
u=500;
Ts=0.01;
Kp=2.28;
Ki=0.185;